4 5
0.000000 0.000000
1.931641 -2.000000
2.000000 0.000000
3.000000 0.000000
4.000000 0.000000
8.353907 0.059439
9.353907 0.059439
10.353908 0.059439
9.987500 1.446355
10.987500 1.446355
11.855078 1.465047
11.898436 -0.022055
12.724607 -0.020934
13.648039 -0.001121
17.308594 0.019813
20.000000 0.000000
0.000000 0.000000
1.000000 0.000000
2.000000 0.000000
3.000000 0.000000
4.227735 -1.010468
5.000000 0.000000
6.000000 0.000000
7.000000 0.000000
8.000000 0.000000
9.000000 0.000000
10.000000 0.000000
11.000000 0.673645
12.000000 0.000000
12.695703 -0.396262
16.000000 0.000000
20.000000 0.000000
0.000000 0.000000
1.000000 0.000000
2.000000 0.000000
3.000000 0.000000
4.310546 -0.911402
5.000000 0.000000
6.000000 0.000000
7.000000 0.000000
8.000000 0.000000
9.000000 0.000000
10.000000 0.000000
10.917188 -0.594392
12.000000 0.000000
12.157421 0.178318
16.000000 0.000000
20.000000 0.000000
0.000000 0.000000
1.103516 1.405607
2.000000 0.000000
3.000000 0.000000
4.000000 0.000000
5.000000 0.000000
6.000000 0.000000
7.633594 -0.000000
6.722655 0.001122
7.633594 0.000000
8.343747 -2.000000
8.397657 -2.000000
9.370704 -0.000000
15.353908 -1.306542
17.697657 1.307663
20.000000 0.000000
